#
# M e s s w e r t t a b e l l e  der Reihen:
#
# cudatsa.rng.RNGModuleCUDA [40.40] Werte
# cudatsa.rng.RNGModuleACMR [40.40] Werte
# cudatsa.rng.RNGModuleACMS [40.40] Werte
# cudatsa.rng.RNGModuleJUR [40.40] Werte
#
#
#x,y,x,y,x,y,x,y,
100,148.20000,100,0,100,0.30000,100,0
200,79.60000,200,0.10000,200,0.30000,200,0
300,72.10000,300,0,300,0.30000,300,0
400,52.40000,400,0,400,0.20000,400,0
500,49.20000,500,0,500,0.40000,500,0
600,46.70000,600,0,600,0.20000,600,0
700,49,700,0.20000,700,0.30000,700,0
800,46.10000,800,0,800,0.50000,800,0.1
900,45.90000,900,0,900,0.60000,900,0
1000,45.40000,1000,0,1000,0.30000,1000,0
2000,45.60000,2000,0,2000,0.90000,2000,0.1
3000,42.50000,3000,0,3000,1.40000,3000,0
4000,39.80000,4000,0,4000,1.70000,4000,0.1
5000,36.90000,5000,0.20000,5000,2.20000,5000,0.1
6000,37.60000,6000,0,6000,3,6000,0.2
7000,35.30000,7000,0.10000,7000,3.60000,7000,0
8000,36.20000,8000,0,8000,3.60000,8000,0.2
9000,35,9000,0,9000,4.10000,9000,0
10000,35.10000,10000,0.10000,10000,4.80000,10000,0.1
25000,34.80000,25000,0.30000,25000,11.40000,25000,0.3
50000,33.80000,50000,0.70000,50000,22.20000,50000,1.0
100000,35.90000,100000,1.40000,100000,44.70000,100000,1.4
200000,35.90000,200000,2.70000,200000,91.30000,200000,2.4
300000,35.20000,300000,3.90000,300000,132.20000,300000,3.7
400000,34.80000,400000,4.90000,400000,177.50000,400000,4.6
500000,33.10000,500000,6.70000,500000,224.10000,500000,6.5
600000,35.30000,600000,8.20000,600000,269.60000,600000,7.9
700000,34.20000,700000,8.60000,700000,315.80000,700000,8.2
800000,35.30000,800000,9.90000,800000,354.90000,800000,9.9
900000,36.80000,900000,11.50000,900000,409.60000,900000,10.2
1000000,38.90000,1000000,13.40000,1000000,446.70000,1000000,12.2
2000000,43.20000,2000000,25.90000,2000000,899.60000,2000000,23.8
3000000,48.70000,3000000,37.20000,3000000,1385,3000000,36.5
4000000,61.90000,4000000,51.90000,4000000,1860.70000,4000000,49.6
5000000,74.50000,5000000,66.30000,5000000,2296.60000,5000000,61.2
6000000,78.40000,6000000,80.70000,6000000,2753.70000,6000000,75.5
7000000,80.20000,7000000,92.80000,7000000,3266.20000,7000000,85.6
8000000,92,8000000,110.60000,8000000,3688.20000,8000000,99.4
9000000,95.70000,9000000,118.10000,9000000,4073.60000,9000000,111.6
10000000,109.90000,10000000,137.20000,10000000,4625.80000,10000000,118.9
